400	 32.0
408	 32.0
416	 32.0
424	 32.0
432	 32.0
440	 32.0
448	 32.0
456	 32.0
464	 32.0
472	 32.0
480	 32.0
488	 32.0
496	 32.0
504	 32.0
512	 32.0
520	 32.0
528	 32.0
536	 32.0
544	 32.0
552	 32.0
560	 32.0
568	 32.0
576	 32.0
584	 32.0
592	 32.0
600	 32.0
608	 32.0
616	 32.0
624	 32.0
632	 32.0
640	 32.0
648	 32.0
656	 32.0
664	 32.0
672	 32.0
680	 32.0
688	 32.0
696	 32.0
704	 32.0
712	 32.0
720	 32.0
728	 32.0
736	 32.0
744	 32.0
752	 32.0
760	 32.0
768	 32.0
776	 32.0
784	 32.0
792	 32.0
800	 32.0
808	 32.0
816	 32.0
824	 32.0
832	 32.0
840	 32.0
848	 32.0
856	 32.0
864	 32.0
872	 32.0
880	 32.0
888	 32.0
896	 32.0
904	 32.0
912	 32.0
920	 32.0
928	 32.0
936	 32.0
944	 32.0
952	 32.0
960	 32.0
968	 32.0
976	 32.0
984	 32.0
992	 32.0
1000	 32.0
1008	 32.0
1016	 32.0
1024	 32.0
1032	 32.0
1040	 32.0
1048	 32.0
1056	 32.0
1064	 32.0
1072	 32.0
1080	 32.0
1088	 32.0
1096	 32.0
1104	 32.0
1112	 32.0
1120	 32.0
1128	 32.0
1136	 32.0
1144	 32.0
1152	 32.0
1160	 32.0
1168	 32.0
1176	 32.0
1184	 32.0
1192	 32.0
1200	 32.0
1208	 32.0
1216	 32.0
1224	 32.0
1232	 32.0
1240	 32.0
1248	 32.0
1256	 32.0
1264	 32.0
1272	 32.0
1280	 32.0
1288	 32.0
1296	 32.0
1304	 32.0
1312	 32.0
1320	 32.0
1328	 32.0
1336	 32.0
1344	 32.0
1352	 32.0
1360	 32.0
1368	 32.0
1376	 32.0
1384	 32.0
1392	 32.0
1400	 32.0
1408	 32.0
1416	 32.0
1424	 32.0
1432	 32.0
1440	 32.0
1448	 32.0
1456	 32.0
1464	 32.0
1472	 32.0
1480	 32.0
1488	 32.0
1496	 32.0
1504	 32.0
1512	 32.0
1520	 32.0
1528	 32.0
1536	 32.0
1544	 32.0
1552	 32.0
1560	 32.0
1568	 32.0
1576	 32.0
1584	 32.0
1592	 32.0
1600	 32.0
1608	 32.0
1616	 32.0
1624	 32.0
1632	 32.0
1640	 32.0
1648	 32.0
1656	 32.0
1664	 32.0
1672	 32.0
1680	 32.0
1688	 32.0
1696	 32.0
1704	 32.0
1712	 32.0
1720	 32.0
1728	 32.0
1736	 32.0
1744	 32.0
1752	 32.0
1760	 32.0
1768	 32.0
1776	 32.0
1784	 32.0
1792	 32.0
1800	 32.0
1808	 32.0
1816	 32.0
1824	 32.0
1832	 32.0
1840	 32.0
1848	 32.0
1856	 32.0
1864	 32.0
1872	 32.0
1880	 32.0
1888	 32.0
1896	 32.0
1904	 32.0
1912	 32.0
1920	 32.0
1928	 32.0
1936	 32.0
1944	 32.0
1952	 32.0
1960	 32.0
1968	 32.0
1976	 32.0
1984	 32.0
1992	 32.0
2000	 32.0
2008	 32.0
2016	 32.0
2024	 32.0
2032	 32.0
2040	 32.0
2048	 32.0
2056	 32.0
2064	 32.0
2072	 32.0
2080	 32.0
2088	 32.0
2096	 32.0
2104	 32.0
2112	 32.0
2120	 32.0
2128	 32.0
2136	 32.0
2144	 32.0
2152	 32.0
2160	 32.0
2168	 32.0
2176	 32.0
2184	 32.0
2192	 32.0
2200	 32.0
2208	 32.0
2216	 32.0
2224	 32.0
2232	 32.0
2240	 32.0
2248	 32.0
2256	 32.0
2264	 32.0
2272	 32.0
2280	 32.0
2288	 32.0
2296	 32.0
2304	 32.0
2312	 32.0
2320	 32.0
2328	 32.0
2336	 32.0
2344	 32.0
2352	 32.0
2360	 32.0
2368	 32.0
2376	 32.0
2384	 32.0
2392	 32.0
2400	 32.0
2408	 32.0
2416	 32.0
2424	 32.0
2432	 32.0
2440	 32.0
2448	 32.0
2456	 32.0
2464	 32.0
2472	 32.0
2480	 32.0
2488	 32.0
2496	 32.0
2504	 32.0
2512	 32.0
2520	 32.0
2528	 32.0
2536	 32.0
2544	 32.0
2552	 32.0
2560	 32.0
2568	 32.0
2576	 32.0
2584	 32.0
2592	 32.0
2600	 32.0
2608	 32.0
2616	 32.0
2624	 32.0
2632	 32.0
2640	 32.0
2648	 32.0
2656	 32.0
2664	 32.0
2672	 32.0
2680	 32.0
2688	 32.0
2696	 32.0
2704	 32.0
2712	 32.0
2720	 32.0
2728	 32.0
2736	 32.0
2744	 32.0
2752	 32.0
2760	 32.0
2768	 32.0
2776	 32.0
2784	 32.0
2792	 32.0
2800	 32.0
2808	 32.0
2816	 32.0
2824	 32.0
2832	 32.0
2840	 32.0
2848	 32.0
2856	 32.0
2864	 32.0
2872	 32.0
2880	 32.0
2888	 32.0
2896	 32.0
2904	 32.0
2912	 32.0
2920	 32.0
2928	 32.0
2936	 32.0
2944	 32.0
2952	 32.0
2960	 32.0
2968	 32.0
2976	 32.0
2984	 32.0
2992	 32.0
3000	 32.0
3008	 32.0
3016	 32.0
3024	 32.0
3032	 32.0
3040	 32.0
3048	 32.0
3056	 32.0
3064	 32.0
3072	 32.0
3080	 32.0
3088	 32.0
3096	 32.0
3104	 32.0
3112	 32.0
3120	 32.0
3128	 32.0
3136	 32.0
3144	 32.0
3152	 32.0
3160	 32.0
3168	 32.0
3176	 32.0
3184	 32.0
3192	 32.0
3200	 32.0
3208	 32.0
3216	 32.0
3224	 32.0
3232	 32.0
3240	 32.0
3248	 32.0
3256	 32.0
3264	 32.0
3272	 32.0
3280	 32.0
3288	 32.0
3296	 32.0
3304	 32.0
3312	 32.0
3320	 32.0
3328	 32.0
3336	 32.0
3344	 32.0
3352	 32.0
3360	 32.0
3368	 32.0
3376	 32.0
3384	 32.0
3392	 32.0
3400	 32.0
3408	 32.0
3416	 32.0
3424	 32.0
3432	 32.0
3440	 32.0
3448	 32.0
3456	 32.0
3464	 32.0
3472	 32.0
3480	 32.0
3488	 32.0
3496	 32.0
3504	 32.0
3512	 32.0
3520	 32.0
3528	 32.0
3536	 32.0
3544	 32.0
3552	 32.0
3560	 32.0
3568	 32.0
3576	 32.0
3584	 32.0
3592	 32.0
3600	 32.0
