        8.70
        8.90
        9.00
        9.20
        9.30
        9.40
        9.60
        9.70
        9.90
       10.00
       10.10
       10.20
       10.30
       10.40
       10.50
       10.60
       10.70
       10.80
       10.90
       11.00
       11.10
       11.20
       11.30
       11.40
       11.40
       11.50
       11.60
       11.70
       11.80
       11.90
       12.00
       12.10
       12.10
       12.20
       12.30
       12.40
       12.50
       12.60
       12.70
       12.80
       12.80
       12.90
       13.00
       13.10
       13.20
       13.30
       13.40
       13.40
       13.50
       13.60
       13.70
       13.80
       13.80
       13.90
       14.00
       14.10
       14.20
       14.30
       14.30
       14.40
       14.50
       14.60
       14.70
       14.70
       14.80
       14.90
       15.00
       15.10
       15.20
       15.20
       15.30
       15.40
       15.50
       15.50
       15.60
       15.70
       15.70
       15.80
       15.90
       16.00
       16.00
       16.10
       16.20
       16.20
       16.30
       16.40
       16.50
       16.50
       16.60
       16.70
       16.70
       16.80
       16.90
       17.00
       17.00
       17.10
       17.20
       17.20
       17.30
       17.30
       17.40
       17.50
       17.50
       17.60
       17.70
       17.70
       17.80
       17.90
       17.90
       18.00
       18.10
       18.10
       18.20
       18.20
       18.30
       18.40
       18.40
       18.50
       18.60
       18.60
       18.70
       18.70
       18.80
       18.90
       18.90
       19.00
       19.00
       19.10
       19.20
       19.20
       19.30
       19.30
       19.40
       19.40
       19.50
       19.60
       19.60
       19.70
       19.70
       19.80
       19.90
       19.90
       20.00
       20.00
       20.10
       20.20
       20.20
       20.30
       20.30
       20.40
       20.50
       20.50
       20.60
       20.60
       20.70
       20.80
       20.80
       20.90
       20.90
       21.00
       21.00
       21.10
       21.20
       21.20
       21.30
       21.30
       21.40
       21.40
       21.50
       21.50
       21.60
       21.60
       21.60
       21.70
       21.70
       21.80
       21.80
       21.90
       21.90
       21.90
       22.00
       22.00
       22.10
       22.10
       22.10
       22.20
       22.20
       22.30
       22.30
       22.40
       22.40
       22.40
       22.50
       22.50
       22.50
       22.60
       22.60
       22.70
       22.70
       22.70
       22.80
       22.80
       22.80
       22.90
       22.90
       23.00
       23.00
       23.00
       23.10
       23.10
       23.10
       23.20
       23.20
       23.30
       23.30
       23.30
       23.30
       23.40
       23.40
       23.40
       23.40
       23.50
       23.50
       23.50
       23.50
       23.60
       23.60
       23.60
       23.60
       23.70
       23.70
       23.70
       23.70
       23.80
       23.80
       23.80
       23.90
       23.90
       23.90
       23.90
       24.00
       24.00
       24.00
       24.00
       24.10
       24.10
       24.10
       24.10
       24.20
       24.20
       24.20
       24.20
       24.30
       24.30
       24.30
       24.40
       24.40
       24.40
       24.40
       24.50
       24.50
       24.50
       24.50
       24.50
       24.60
       24.60
       24.60
       24.60
       24.60
       24.60
       24.60
       24.70
       24.70
       24.70
       24.70
       24.70
       24.70
       24.70
       24.70
       24.80
       24.80
       24.80
       24.80
       24.80
       24.80
       24.80
       24.90
       24.90
       24.90
       24.90
       24.90
       24.90
       24.90
       24.90
       24.90
       24.90
       24.90
       24.90
       24.90
       24.90
       24.90
       24.90
       24.90
       24.90
       24.90
       24.90
       24.90
       24.90
       24.90
       24.90
       25.00
       25.00
       25.00
       25.00
       25.00
       25.00
       25.00
       25.00
       25.00
       25.00
       25.00
       25.00
       25.00
       25.00
       25.00
       25.00
       25.00
       25.00
       25.00
       25.00
       25.00
       25.00
       25.00
       25.00
       25.00
       25.00
       25.00
       25.00
       25.00
       25.00
       24.90
       24.90
       24.90
       24.90
       24.90
       24.90
       24.90
       24.90
       24.90
       24.90
       24.90
       24.90
       24.90
       24.90
       24.90
       24.90
       24.90
       24.90
       24.90
       24.90
       24.90
       24.90
       24.90
       24.90
       24.90
       24.90
       24.90
       24.90
       24.90
       24.90
       24.90
       24.90
       25.00
       25.00
       25.00
       25.00
       25.00
       25.00
       25.00
       25.00
       25.00
       25.00
       25.00
       25.00
       25.00
       25.00
       25.00
       25.00
       25.00
       25.00
       25.00
       25.00
       25.00
       25.00
       25.00
       25.00
       25.00
       25.00
       25.00
       25.00
       25.00
       25.00
       25.00
       25.00
       25.00
       25.00
       25.00
       25.00
       25.00
       25.00
       25.00
       25.00
       25.00
       25.00
       25.00
       25.00
       25.00
       25.00
       25.00
       25.00
       25.00
       25.00
       25.00
       25.00
       25.00
       25.00
       25.00
       25.00
       25.00
       25.00
       25.00
       25.00
       25.00
       25.00
       25.00
       25.00
       25.00
       25.00
       25.00
       25.00
       25.00
       25.00
       25.00
       25.00
       25.00
       25.00
       25.00
       25.00
       25.00
       25.00
       25.00
       25.00
       25.00
       25.00
       25.00
       25.00
       25.00
       25.00
       25.00
       25.00
       25.00
       25.00
       25.00
       25.00
       25.00
       25.00
       25.00
       25.00
       25.00
       25.00
       25.00
       25.00
       25.00
       25.00
       25.00
       25.00
       25.00
       25.00
       25.00
       25.00
       25.00
       25.00
       25.00
       25.00
       25.00
       25.00
       25.00
       25.00
       25.00
       25.00
       25.00
       25.00
       25.00
       25.00
       25.00
       25.00
       25.00
       25.00
       25.00
       25.00
       25.00
       25.00
       25.00
       25.00
       25.00
       25.00
       25.00
       25.00
       25.00
       25.00
       25.00
       25.00
       25.00
       24.90
       24.90
       24.90
       24.90
       24.90
       24.90
       24.90
       24.90
       24.90
       24.90
       24.90
       24.90
       24.90
       24.90
       24.90
       24.90
       24.90
       24.90
       24.90
       24.90
       24.90
       24.90
       24.90
       24.90
       24.90
       24.90
       24.90
       24.90
       24.90
       24.90
       24.90
       24.90
       24.90
       24.90
       24.90
       24.90
       24.90
       24.90
       24.90
       24.90
       24.90
       24.90
       24.90
       24.90
       24.90
       24.90
       24.90
       24.90
       24.90
       24.90
       24.90
       24.90
       24.90
       24.90
       24.90
       24.90
       24.90
       24.90
       24.90
       24.90
       24.90
       24.90
       24.90
       24.90
       24.90
       24.90
       24.90
       24.90
       24.90
       24.90
       24.90
       25.00
       25.00
       25.00
       25.00
       25.00
       25.00
       25.00
       25.00
       25.00
       25.00
       25.00
       25.00
       25.00
       25.00
       25.00
       25.00
       25.00
       25.00
       25.00
       25.00
       25.00
       25.00
       25.00
       25.00
       25.00
       25.00
       25.00
       25.00
       25.00
       25.00
       25.00
       25.00
       25.00
       25.00
       25.00
       25.00
       25.00
       25.00
       25.00
       25.00
       25.00
       25.00
       25.00
       25.00
       25.00
       25.00
       25.00
       25.00
       25.00
       25.00
       25.00
       25.00
       25.00
       25.00
       25.00
       25.00
       25.00
       25.00
       25.00
       25.10
       25.10
       25.10
       25.10
       25.00
