-1956.52    5.3     8.3
-1965.07    5.3     7.3
-2036.2    6.9     7.4
-2045.45    6     7.5
-2054.79    5.1     7.5
-2093.02    6.2     7.4
-2102.8    5.2     7.4
-2238.81    5.6     7.2
-2250    5.1     7.7
-3308.82    5.1     8.9
-3333.33    5.1     8.9
-3358.21    5.1     8.8
-3383.46    5.2     8.8
-3409.09    5.2     8.8
-3435.11    5.3     8.7
-3461.54    5.3     8.6
-3488.37    5.2     8.6
-3515.63    5.2     8.6
-3543.31    5.2     8.6
-3571.43    5.3     8.6
-3600    5.3     8.5
-3629.03    5.4     8.4
-3658.54    5.3     8.4
-3688.52    5.3     8.4
-3719.01    5.3     8.3
-3750    5.4     8.3
-3781.51    5.4     8.3
-3813.56    5.4     8.6
-3846.15    5.4     8.6
-3879.31    5.5     8.1
-3913.04    5.5     8.1
-3947.37    5.4     8.1
-3982.3    5.4     8.1
-4017.86    5.5     8.4
-4054.05    5.5     8.4
-4090.91    5.5     8.3
-4128.44    5.6     8.3
-4166.67    5.6     7.9
-4205.61    5.5     8.2
-4245.28    5.5     8.2
-4285.71    5.6     8.1
-4326.92    5.6     8.4
-4368.93    5.6     8.4
-4411.76    5.6     8.4
-4455.45    5.6     8
-4500    5.6     8
-4545.45    5.7     7.9
-4591.84    5.7     7.9
-7031.25    6.4     8.9
-7758.62    6.4     8.9
-10465.1    6.7     8.8
-11842.1    6.6     8.8
-12162.2    6.6     8.9
-12500    6.6     8.8
-12857.1    6.6     8.8
-13235.3    6.4     8.8
-13636.4    6.6     8.8
-14062.5    6.7     8.8
-14516.1    6.8     8.8
-15000    6.8     8.8
-15517.2    6.7     8.8
-16071.4    6.7     8.7
-16666.7    6.7     8.7
-17307.7    6.7     8.6
-18000    6.7     8.6
-18750    6.7     8.6
-19565.2    6.7     8.6
-20454.5    6.7     8.4
-21428.6    6.8     8.4
-22500    6.8     8.4
-23684.2    6.8     8.4
-25000    6.7     8.4
-26470.6    6.7     8.4
-28125    6.7     8.4
-30000    6.8     8.4
-32142.9    6.8     8.4
-34615.4    6.8     8.3
-37500    6.8     8.3
-40909.1    6.8     8.3
-45000    6.8     8.3
-50000    6.9     8.3
-56250    6.9     8.2
-450000    6.8     7.7
inf    6.8     7.7
3125    6.9     8
3103.45    6.8     8.1
3082.19    6.8     8.1
3061.22    6.7     8
3040.54    6.6     8
3020.13    6.5     8.2
3000    6.4     8.3
2980.13    6.4     7.9
2960.53    6.3     8
2941.18    6.2     8.2
2922.08    6.1     8.2
2903.23    6     8.1
2884.62    5.9     8.1
2866.24    5.8     8.2
2848.1    5.7     8.1
2830.19    5.5     8.1
2812.5    5.4     8.1
2795.03    5.3     8.2
2777.78    5.2     8.2
2343.75    6.7     8.9
2319.59    6     8.9
-2153.11    5.8     7.5
-2205.88    5.7     8.9
-2319.59    5.7     8.3
-2331.61    6.4     8.3
-2542.37    5.7     8.7
-2710.84    5.7     8.9
-2812.5    6.7     8.7
-2830.19    6.1     7.3
-3000    6.4     8.7
-3020.13    5.7     8.7
-3040.54    5.6     8.7
-3061.22    6.9     8.7
-3237.41    6.1     8.4
-3260.87    5.4     8.3
-3284.67    5.2     8.7
-3488.37    6.9     8.9
-3515.63    6.8     8.8
-3543.31    6.1     8.1
-3571.43    6.8     7.1
-3658.54    6.9     8.7
-3719.01    6.9     7.1
-3781.51    6.9     8.3
-4128.44    6.7     7.4
-4166.67    6.8     7.8
-4455.45    6.7     7.2
-4500    6.7     7.2
-4687.5    6.8     8.6
-4838.71    6.6     7.1
-4891.3    6.9     7.1
-4945.05    6.9     7.7
-5113.64    6.9     8.2
-5172.41    6.9     8.2
-5625    6.9     8
-5769.23    6.6     7.5
-6081.08    6.9     8
-6338.03    6.9     7.3
-6428.57    6.9     7.2
-8333.33    6.8     7.5
15000    6.6     7.1
14516.1    6.3     7.2
14062.5    6     7.2
13636.4    5.6     7.2
13235.3    5.3     7.4
6250    6.4     7.1
5696.2    6.7     7.6
5232.56    6.5     7.9
5172.41    5.6     7.9
4838.71    6.1     8.8
4591.84    6.2     7.6
4411.76    6.2     7.8
3947.37    6.1     7.5
3750    5.3     8.9
3461.54    6.9     8.9
3284.67    6.7     8
3237.41    5.6     8.1
3169.01    6.9     7.9
3040.54    5.9     8.4
2922.08    5.5     8.9
2710.84    5.5     8.6
2586.21    6     7.2
2513.97    6.5     7.3
2432.43    5.9     7.6
2380.95    5.4     8.6
2319.59    6.9     7.2
2112.68    6.3     8.9
1939.66    5.2     8.9
-2205.88    6.4     8.5
-2272.73    5.5     8.6
-2356.02    6.3     8.2
-2419.35    6.7     8.4
-2459.02    6.8     8.1
-2472.53    6.2     8.1
-2486.19    5.1     8
-2571.43    5.4     7.8
-2743.9    5.3     7.5
-2848.1    6     7.4
-2941.18    6.6     7.3
-2960.53    5.7     8.1
-3061.22    6.2     7.1
-3146.85    6     7.2
-3260.87    5.4     8.1
-3308.82    6     7.8
-3409.09    5.4     7.2
-3488.37    6.3     8.6
-4326.92    6.7     8.1
-4545.45    6.5     8.5
-4591.84    6.9     8.3
-4639.18    6.7     8.2
-4687.5    5.8     8.9
-5232.56    5.2     8.2
-5294.12    5.8     8.9
-5357.14    6.9     7.3
-5421.69    6.8     7.2
-5625    6     8
-5769.23    6.8     7.2
-6164.38    6.9     8.9
-6250    6.7     8.7
-6338.03    6.6     8.7
-6716.42    6.6     8.3
-6818.18    5.5     8.4
-6923.08    5.4     8.4
-8035.71    5.9     8.7
-8181.82    5.6     7.3
-10000    6.2     7.9
-11538.5    5.5     7.1
-11842.1    5.4     8.9
-12162.2    6.5     8.7
56250    6.8     7.2
50000    6.9     7.2
28125    5.6     7.3
22500    6.9     7.8
21428.6    6.9     8.7
20454.5    6.4     7.5
19565.2    6.4     7.6
18750    5.3     7.6
11842.1    6.7     7.3
11538.5    6.7     7.3
10975.6    6.1     8.7
10714.3    5.3     8.7
9183.67    6.8     8.9
9000    6.9     8.9
8823.53    6.2     8.9
8653.85    5.8     8.9
8490.57    5.3     8.8
6923.08    6.8     8.8
6818.18    6.4     8.8
6716.42    5.4     8.8
6338.03    6.4     7.3
6250    5.5     7.3
5921.05    6.9     8.1
5844.16    5.6     8.1
5555.56    6.8     8.1
5487.8    5.4     8.2
5172.41    6.1     8
4639.18    5.9     8.9
4500    6.6     8.5
3846.15    6.4     8.9
3750    5.9     8.8
3600    6.2     8.3
3461.54    5.1     8.9
3284.67    5.5     8.9
3237.41    6.5     8
3082.19    5.4     8
3040.54    5.9     8
3000    6.4     8.2
2960.53    6.9     8.5
2760.74    5.2     8.7
2727.27    5.4     8.8
2694.61    5.5     8.9
-2102.8    6.6     8.9
-2112.68    6.5     8.9
-2184.47    6.2     8.8
-2343.75    5.5     8.6
-2432.43    6.3     7.8
-2528.09    5.5     8.2
-2601.16    6.7     7.5
-2647.06    6.1     8.7
-2662.72    5.2     8.1
-2980.13    5.5     8.6
-3103.45    6.7     8.4
-3237.41    5.8     8.2
-3260.87    6.8     8.4
-3409.09    5.3     7.3
-3488.37    6.7     8.6
-3515.63    5.7     8.9
-3781.51    6.5     7.8
-3913.04    6.5     8.6
-3947.37    5.1     8.7
-4054.05    6.8     8.8
-4166.67    6.8     8.8
-4205.61    6.9     8.4
-4368.93    6.8     7.6
-4411.76    6.7     7.5
-4838.71    6.9     8
-4891.3    6.9     7.4
-4945.05    5.9     7.4
-5487.8    5.3     7.3
-5769.23    6.8     7.1
-6818.18    6.9     8.7
-6923.08    6.7     8.2
-7031.25    6.5     7.9
-7142.86    6.3     8.9
-7258.06    6.6     7.1
-7500    6.2     7.2
-7627.12    5.6     7.6
-7758.62    5.3     8
-8181.82    6.3     8.1
-8333.33    5.5     7.8
-9000    6.8     7.1
-9574.47    6.7     7.3
-9782.61    6.8     7.1
-10465.1    6.5     8.4
-10975.6    6.7     7.1
-11250    6.2     8.2
-11538.5    6.3     7.4
-11842.1    6.4     8.7
-12857.1    6.9     8.9
-15517.2    6.5     7.1
-16071.4    6.6     8.6
-16666.7    6.6     7.5
-19565.2    6.8     8.4
-20454.5    6.1     7.9
-21428.6    5.6     7.8
-22500    5.1     7.8
-40909.1    6.7     8.9
-45000    6.5     7.8
-75000    6.2     7.2
-112500    6.9     8.5
inf    6.5     8.7
450000    5.8     7.3
225000    5.3     7.3
150000    5.1     7.1
112500    5.1     8.4
75000    6.8     7.3
64285.7    5.5     7.3
50000    6.9     7.1
45000    6.9     7.1
26470.6    6.5     7.1
12857.1    6.6     8.1
12500    5.9     7.9
12162.2    5.2     7.9
9782.61    5.2     7.2
9000    6.9     8.6
8823.53    6.9     8.1
8653.85    5.9     8.4
6716.42    5.3     8.8
6000    6.8     7.7
5921.05    5.3     7.4
5769.23    6.8     8.6
5696.2    6     7.5
4591.84    5.4     8.3
4500    6.3     8.9
4411.76    6.7     7.8
4205.61    5.8     7.2
4128.44    6     7.9
4054.05    6.8     8.5
4017.86    6     8.4
3813.56    5.3     8.7
3658.54    6.4     8.9
2710.84    6.2     7.9
2528.09    5.5     7.9
2295.92    6.9     8.2
2153.11    5.4     8.9
1965.07    5.8     8.4
-1923.08    5.7     8.5
-2045.45    6.2     7.1
-2142.86    6     8.7
-2743.9    5.6     8.5
-2830.19    6.4     7.2
-3000    6.9     8.9
-3061.22    6.4     7.7
-3214.29    6.7     8.6
-3284.67    6.6     8.5
-3879.31    6.9     8.3
-4017.86    5.4     7.1
-4090.91    6.2     8.9
-4368.93    6.8     8.8
-5056.18    6.8     7.6
-5113.64    6.5     7.6
-5172.41    6.4     8.8
-5232.56    5.8     8.8
-5555.56    5.8     7.6
-6081.08    6.8     8.4
-6164.38    5.5     8.4
-6428.57    6.8     8.9
-6923.08    6.3     8.3
-7031.25    6.6     7.2
-7142.86    5.6     7.2
-7627.12    6.6     7.3
-7758.62    6.6     7.4
-8653.85    6.6     8.8
-8823.53    5.2     8.8
-9183.67    6.8     8.7
-9375    6.4     8.9
-10227.3    6     8.9
-11538.5    6.3     8.8
-12500    6.9     7.3
-12857.1    6.7     7.3
-13235.3    5.6     8.8
-15517.2    6.2     8.5
-16071.4    5.1     8.5
-18000    6.6     8.9
-18750    6.8     8.1
-22500    6.7     7.1
-23684.2    6.7     7.1
-25000    6.3     7.1
-40909.1    6.6     7.4
-45000    6.3     7.3
-50000    5.1     7.4
450000    6.7     8
225000    6.3     7.5
150000    5.4     8
45000    6.7     8.8
40909.1    6.7     8.8
37500    6.3     8.6
34615.4    5.3     8.6
20454.5    6.7     8.6
19565.2    6.4     8.6
18750    5.6     8.6
12857.1    6.7     7.2
11250    5.6     7.1
9574.47    5.9     8.2
7377.05    6.9     7.1
7258.06    5.7     7.1
6818.18    6     8.3
6000    5.5     8.7
5844.16    6.4     8.4
5696.2    6.9     7.6
5487.8    5.6     8.8
4639.18    5.2     8.8
4017.86    5.7     8.8
3879.31    5.7     8.9
3688.52    6.2     7.7
3435.11    5.7     8.3
2941.18    5.5     8.9
2922.08    6.2     7.3
2727.27    5.6     7.8
2380.95    5.9     7.5
2295.92    6.9     8.9
2227.72    6.5     8.7
2205.88    5.5     7.5
2093.02    5.7     8.9
-1973.68    6.1     8
-2631.58    5.2     7.2
-2812.5    5.1     8.9
-2848.1    6.9     8.6
-2980.13    6.7     8.6
-3000    5.8     8.4
-3125    5.9     8.9
-3308.82    6.4     7.2
-3409.09    6.8     8.1
-3435.11    5.5     8.4
-3600    6.9     7.9
-3846.15    6.9     8.9
-3879.31    5.9     8.4
-4326.92    6.3     8.9
-4500    5.5     7.5
-4545.45    5.7     7.9
-4591.84    5.7     8.9
-4787.23    6.9     7.1
-4838.71    6.1     7.1
-6250    5.7     8.5
-6923.08    6.3     8.2
-7031.25    6.5     7.4
-7142.86    5.9     7.5
-7377.05    6.6     8.6
-8035.71    6.4     7.2
-8181.82    6.5     8.9
-9183.67    6.6     8
-9375    6.2     7.5
-9574.47    5.3     8.6
-10000    6.6     8.7
-13235.3    6.7     7.1
-13636.4    6.4     8.9
-15000    6.3     7.6
-20454.5    6.8     8.8
-21428.6    6.6     8.8
-22500    6.2     8.8
-23684.2    6.1     8.6
-25000    5.5     8.6
-40909.1    6.7     8.6
-64285.7    6.7     8.8
-90000    6.9     8.8
-112500    6.9     8.8
-150000    6.9     8.1
-225000    6.7     8.1
-450000    5.1     8.5
inf    6.5     8.8
450000    6.5     8.8
225000    5.8     8.8
150000    5.4     8.8
45000    6.7     8.8
40909.1    5.9     8.8
34615.4    6.6     8.3
32142.9    5.2     8.3
26470.6    6.8     7.5
25000    6.7     7.5
23684.2    5.8     7.5
19565.2    6.8     8.5
18750    6.9     8.5
18000    6.9     8.5
17307.7    6.9     8.5
16666.7    6     8.5
16071.4    5.3     8.5
13235.3    6.9     7.2
12857.1    5.2     7.2
11250    6.9     7.1
10975.6    6.4     7.1
10714.3    5.1     8.7
9782.61    6.8     8.9
9574.47    5.9     8.8
8035.71    6     8.9
7627.12    5.8     7.5
7142.86    5.2     8.9
6338.03    5.6     8.9
6250    5.9     8.5
5844.16    5.7     8.8
5294.12    6.6     7.3
5113.64    6     7.7
4639.18    5.8     7.2
4326.92    5.9     8.8
4245.28    5.1     8.9
4128.44    6.8     7.7
4017.86    6.5     8.6
3600    5.2     7.1
3333.33    6.2     7.1
3146.85    6     8.2
2743.9    5.3     8.9
2513.97    6.1     8.9
2445.65    6.3     8.1
2406.42    5.1     8.2
2368.42    6.7     7.9
2284.26    5.9     8.2
2142.86    5.3     7.1
2102.8    6.7     8.4
1965.07    5.1     8.6
-2027.03    5.7     8.1
-2093.02    5.5     7.7
-2472.53    5.8     7.7
-2586.21    6.4     7.4
-2795.03    6     8.8
-2866.24    6.3     7.9
-2922.08    6.8     7.3
-3284.67    5.8     8.2
-3383.46    6.9     7.4
-3409.09    6.8     8.2
-3982.3    6.9     7.4
-4591.84    6.7     7.1
-4639.18    5.2     7.3
-5000    6.6     7.2
-5696.2    6.4     8
-5769.23    6.3     7.1
-5844.16    5.8     8.9
-6250    6.9     8
-6338.03    5.9     7.8
-8333.33    6.9     7.3
-8823.53    5.2     8.7
-9574.47    6.4     8.4
-11250    6.6     8.6
-11538.5    6.3     8.2
-11842.1    6.9     7.8
-12162.2    6.9     7.5
-17307.7    5.5     7.1
-18000    5.2     8.9
-19565.2    6.4     7.6
-32142.9    6.2     8.9
-34615.4    6.2     8.7
-37500    6.3     7.8
-40909.1    5.2     7.3
-90000    6.3     8.9
-112500    5.6     8.9
225000    6.9     7.1
150000    6.8     7.1
45000    6.8     7.7
40909.1    6.1     8.5
28125    6.9     7.5
26470.6    6.9     7.6
25000    6.3     7.6
23684.2    5.6     7.6
17307.7    6.8     7.7
11250    5.8     8.7
9375    6.6     7.2
8823.53    6.6     8.4
6617.65    6.4     7.3
6428.57    6.7     8.5
6164.38    6.4     8.6
5921.05    6.7     7.3
5696.2    5.1     8.8
4838.71    6.1     8.8
4166.67    5.7     8.9
4090.91    6.2     8.3
3947.37    6.9     8.8
3846.15    6.9     8.9
3688.52    6.9     8.2
3600    6.5     7.2
3515.63    6.5     8.8
3333.33    6.7     7.1
3237.41    6.9     8.9
2812.5    5.4     8.7
2777.78    6.5     8.9
2727.27    6.5     8.2
2710.84    6.3     8.9
2227.72    5.4     8.3
-1939.66    6.1     8.9
-2586.21    5.2     8.9
-2631.58    5.9     8.5
-2694.61    5.8     7.2
-2866.24    6.1     8.8
-3040.54    6.7     8.8
-3333.33    6.8     7.1
-3543.31    5.8     8.1
-3719.01    6.2     8.4
-3750    5.6     7.1
-4128.44    6.8     8.9
-4639.18    6.3     7.8
-4687.5    5.1     7.1
-6923.08    6.8     7.3
-9000    5.7     7.1
-11250    5.3     8.5
-13636.4    6.9     7.4
-17307.7    5.7     7.4
-20454.5    6.7     7.5
-22500    5.2     8.8
-28125    6.9     8.8
-30000    6.1     8.8
-32142.9    5.3     8.8
-34615.4    5.5     8.7
inf    6.4     8.5
450000    6     8.5
40909.1    5.8     7.5
18000    6.4     8.9
15000    6.9     8.9
14062.5    5.6     8.3
12857.1    6.6     8.7
12500    5.1     8.8
9000    6.2     7.4
8490.57    6.6     7.7
8035.71    5.9     7.1
7758.62    5.7     8.6
7142.86    6.3     8.9
6716.42    5.4     8.9
5487.8    6.4     8.9
4891.3    5.9     8.4
4455.45    5.2     8.7
4326.92    5.9     8.4
3750    5.9     7.2
3383.46    6.3     8.7
3358.21    5.1     8.7
2662.72    6.6     7.3
2571.43    6.7     8.9
2459.02    6.1     7.8
2432.43    5.1     8.9
2250    5.5     8.5
2017.94    6.7     8.4
2000    5.9     7.5
-2331.61    5.3     8.9
-2777.78    6.4     8.5
-2795.03    5.4     8.4
-2903.23    6.5     7.2
-3061.22    6.6     8.9
-3082.19    6.3     8.9
-3488.37    5.7     8.3
-3600    6.8     8.4
-4017.86    6.8     7.6
-4054.05    5.9     7.6
-4245.28    6.8     8
-4285.71    5.7     8.9
-4591.84    6.6     7.7
-5056.18    6.5     7.5
-5357.14    6.5     8.7
-5421.69    5.5     8.7
-6081.08    6.8     8.6
-6164.38    5.8     8.4
-7031.25    6.3     7.9
-7142.86    6.5     7.2
-7258.06    6.6     7.2
-7377.05    5.6     7.1
-8181.82    6.1     7.4
-8653.85    5.3     8.6
-9375    6.4     7.6
-9574.47    5.2     7.6
-14516.1    6.8     8.2
-15000    5.8     8.2
-17307.7    6     8.5
-20454.5    6.8     8.5
-21428.6    5.1     8.7
-25000    6.4     8.6
-26470.6    5.5     8.3
-32142.9    6.4     8.6
-34615.4    5.5     8.6
-64285.7    6.9     8.9
-75000    6.9     8.1
-90000    6.9     8.1
-112500    6.9     8.8
-150000    6.4     8.8
450000    6.4     7.1
225000    5.6     7.1
64285.7    6.8     8.8
56250    6.5     8.8
50000    5.5     8.8
32142.9    6.9     8.4
21428.6    6.6     7.3
18750    5.8     8.9
14516.1    6.6     8.7
14062.5    5.2     8.7
9782.61    6.2     8.9
9183.67    6.2     8.9
8653.85    6.3     8.9
7500    6.4     7.4
6716.42    6.9     7.8
6081.08    6.6     7.6
5487.8    6.4     8.9
5172.41    6.9     8.8
5113.64    6.9     8.8
5056.18    5.8     8.8
4591.84    6.8     7.9
4090.91    5.4     8.8
3913.04    6.8     8.9
3750    5.1     7.1
3515.63    5.6     8.7
3383.46    5.6     8.8
3237.41    5.2     8.8
3103.45    5.6     7.8
2710.84    5.1     8.8
2662.72    5.5     7.9
2616.28    6.5     8.5
2445.65    5.7     8.3
2368.42    5.4     8.9
2250    5.5     8.3
2205.88    6.9     8.7
2093.02    6.8     8.9
2083.33    6     8
1939.66    6.5     8.2
-2027.03    5.8     7.3
-2261.31    6.8     8.5
-2368.42    6.1     8.5
-2542.37    5.9     8.9
-2631.58    6.6     8.9
-2678.57    6.7     8.8
-3061.22    6.7     7.8
-3103.45    6.5     8.9
-3284.67    6.4     8.5
-3383.46    5.7     8.9
-3515.63    6.8     7.3
-3543.31    6.1     8.9
-3571.43    6.8     8.7
-3719.01    6.9     8
-3846.15    6     7.2
-3947.37    6.9     8.2
-3982.3    5.3     8
-4090.91    6.1     8.1
-4205.61    6.9     8.7
-4368.93    5.9     8.6
-4687.5    6.5     7.7
-4838.71    5.2     7.6
-5056.18    6     8.2
-5421.69    6.9     8.7
-5487.8    6     7.4
-5696.2    6.3     7.9
-5921.05    6.4     8.9
-7627.12    5.8     8
-8823.53    6.9     7.4
-11842.1    6.9     7.5
-14516.1    5.9     7.2
-16666.7    5.5     8.5
-18750    6.5     7.5
-20454.5    6.9     7.1
-28125    6.3     8.3
-50000    6.9     8.3
-75000    6.9     7.8
64285.7    6.6     8.8
37500    6.3     7.1
26470.6    5.3     7.9
21428.6    6.5     8.4
20454.5    5.5     8.4
17307.7    6.7     7.1
16666.7    5.4     7.1
15517.2    5.5     7.4
14062.5    6.9     8
13636.4    6.5     7.4
12857.1    5.1     7.2
9782.61    5.4     8.9
9375    5.4     8.9
9000    6     8.7
8653.85    6.8     8.9
8035.71    6     8.2
7377.05    6.9     7.7
7031.25    6.9     7.7
6818.18    6.9     8.8
6617.65    6.9     8.3
6428.57    5.8     8.7
6081.08    6.9     7.3
6000    6.7     7.2
5421.69    5.8     8.6
5357.14    5.1     7.8
4891.3    6.8     7.2
4455.45    6.5     8.7
4411.76    5.5     8.7
4368.93    5.3     8.6
4054.05    6.8     7.1
4017.86    5.2     7.1
3750    6.7     8
3719.01    6.4     8.9
3688.52    6.4     7.3
3658.54    6.4     7.3
3358.21    5.5     7.8
3308.82    6.3     7.1
3260.87    6.5     8.9
3191.49    6.8     8
3169.01    6.1     7.8
3061.22    6.7     8.4
2694.61    6.4     8.8
2571.43    5.8     8.5
2380.95    6.4     8.9
2272.73    6.5     7.2
2173.91    6.9     8
2064.22    5.6     8.1
2027.03    5.3     8
2008.93    6.9     7.2
2000    5.4     7.3
1965.07    6.4     8.7
1939.66    6.9     8.2
-2008.93    5.8     7.7
-2073.73    6.2     7.4
-2173.91    5.6     8
-2250    5.8     8.6
-2380.95    5.4     8
-2571.43    5.2     8.7
-2601.16    6.9     7.3
-2812.5    6.5     8.8
-2980.13    6.9     8.2
-3000    6.1     7.4
-3146.85    5.2     8.4
-3383.46    6.1     7.7
-3543.31    6.9     8.9
-3571.43    5.3     8.8
-3719.01    6.9     8.3
-3781.51    6.9     7.3
-3947.37    6.8     8.5
-3982.3    6.3     8.1
-4411.76    6.9     8.4
-4455.45    6.6     8.4
-4500    5.5     8.4
-5000    6.9     8.8
-5357.14    6.6     8.1
-5487.8    6.6     7.9
-5625    6.8     8.3
-5696.2    5.3     8.3
-5769.23    6.7     7.4
-6617.65    6.8     8.7
-6716.42    6.5     8.4
-8490.57    6.9     8
-9000    6.9     8.9
-9183.67    6.7     8.4
-9375    6.4     8.4
-11250    5.2     7.2
-11842.1    5.5     8.4
-12162.2    5.2     7.8
-15000    6.5     8.8
-15517.2    5.4     8.8
-16666.7    5.8     7.9
-19565.2    6.9     8.3
-26470.6    6.1     8.6
-28125    5.1     8
-45000    6.3     7.1
-112500    6.2     8.8
-150000    5.5     7.6
90000    6.9     7.6
45000    6.2     7.1
40909.1    6.7     7.3
18000    6.3     7.9
17307.7    6.5     8.2
16666.7    6.5     8.5
14516.1    6.7     8.1
12162.2    6.5     8.9
11250    6.4     8.9
10000    5.9     8.1
8823.53    6.4     7.4
8035.71    6.7     7.1
7031.25    5.5     7.9
6617.65    5.2     8.3
5555.56    6.7     8.3
4687.5    6.6     7.4
4639.18    6     7.4
4411.76    6.7     8.1
4245.28    6.6     7.1
4128.44    6.9     8.3
4054.05    5.7     7.3
3913.04    5.7     8.9
3813.56    5.8     7.9
3688.52    6.4     8.9
3658.54    5.5     7.5
3515.63    5.9     8.6
3435.11    5.3     8.9
3000    6.6     8.7
2960.53    6.1     8.9
2830.19    5.5     8.9
2662.72    5.3     7.7
2528.09    5.2     7.1
2393.62    5.2     8
2195.12    6     8.7
2142.86    5.7     8.8
2036.2    5.6     7.1
-2112.68    5.9     8.9
-2153.11    6.2     7.1
-2295.92    5.6     8.9
-2445.65    6.7     7.9
-2513.97    5.8     8.8
-2601.16    5.9     8.9
-2710.84    5.4     8.2
-2980.13    6.3     8.7
-3000    5.9     7.4
-3020.13    6.8     8.5
-3040.54    6.9     8.5
-3061.22    5.6     8.5
-3191.49    6.5     8.6
-3260.87    6.3     7.1
-3358.21    6.4     7.3
-3571.43    6.9     8.8
-3600    5.7     8.8
-3658.54    6.9     8.8
-3750    6.7     7.9
-3879.31    6.7     7.9
-3947.37    6.7     8.2
-4090.91    6.9     8.5
-4411.76    6.7     8.1
-4455.45    6.9     7.5
-4500    6.1     7.2
-4736.84    6.7     8.5
-4838.71    6.9     8.3
-4891.3    5.2     8.2
-5056.18    6.9     8.2
-5294.12    6.5     8.5
-5487.8    6.6     7.5
-5555.56    6.7     7.5
-5921.05    6.5     7.4
-6521.74    6.6     7.3
-6818.18    6.9     7.3
-6923.08    6.6     7.5
-7031.25    6.9     8.9
-7142.86    6.9     8.3
-7500    6.7     8.6
-8035.71    6.9     7.2
-8490.57    6.9     7.6
-9000    6.9     8.7
-9183.67    5.7     8.7
-14516.1    5.9     7.3
-18750    6.9     7.9
-19565.2    6.9     7.9
-20454.5    5.6     7.9
-23684.2    6.9     8.2
-25000    6.5     7.5
-32142.9    6.5     8.5
-34615.4    6.4     8.4
-37500    6.8     8.2
450000    6.5     8.8
225000    6.7     8.1
150000    6.5     8.1
56250    6.9     7.3
50000    5.3     8.9
25000    6.6     8.6
16071.4    5.9     7.1
12857.1    5.5     7.2
11538.5    5.3     8.9
10000    5.4     8.7
9574.47    6.6     8.7
9000    6.8     7.7
8490.57    6.3     7.5
7758.62    6.3     8.8
7627.12    5.4     8.8
7031.25    6.4     8.8
6923.08    6.7     8.8
6818.18    5.4     8.8
5844.16    5.8     8
5421.69    6.8     7.6
5357.14    5.2     7.8
5232.56    6.8     8.1
4945.05    6.7     8.8
4891.3    5.6     8.1
4787.23    6.5     8.8
4736.84    6.2     8.7
4591.84    6.5     8.8
4545.45    5.8     8.8
4455.45    6.6     8.8
4411.76    5.3     8.7
4326.92    6.8     8.7
4285.71    6.4     8.7
4166.67    6.9     8.8
4128.44    6.9     8.8
3982.3    6.9     7.5
3947.37    5.3     8.2
3688.52    6.8     7.8
3658.54    5.6     8
3383.46    6.9     7.7
3358.21    6.9     7.7
3214.29    6.8     8.9
2866.24    6.4     8.7
2528.09    6.5     8.8
2343.75    6.4     8.5
2153.11    6.4     7.5
2064.22    5.7     8.5
2017.94    6.8     8.4
1991.15    6.6     8.1
1982.38    6.1     8.3
-2173.91    5.7     8.7
-2528.09    6.8     7.6
-2586.21    5.7     8
-2727.27    6.9     8.8
-2743.9    5.9     8.3
-2760.74    6.3     7.5
-2884.62    6.9     8.4
-3000    5.5     7.9
-3082.19    6.3     8.9
-3358.21    6.3     7.9
-3461.54    6.5     8.6
-3515.63    6.9     8.7
-3543.31    5.5     8.7
-3781.51    6.9     8.3
-3879.31    6.2     7.2
-3982.3    6.7     7.3
-4017.86    6.1     8.4
-4205.61    6     7.9
-4326.92    6     8.5
-4455.45    5.9     8.5
-4639.18    5.7     7.9
-4787.23    6.9     7.8
-4838.71    5.5     7.8
-5113.64    6.7     8.5
-5232.56    6.7     7.8
-5294.12    5.2     7.8
-6338.03    5.5     7.7
-6716.42    5.9     8.8
-6818.18    6.3     7.2
-6923.08    6.3     7.2
-7031.25    5.4     7.2
-7377.05    6.6     8
-7758.62    5.2     7.1
-8333.33    6     8.5
-10000    5.3     8.6
-10975.6    5.1     8.3
-11538.5    6.9     7.2
-11842.1    5.4     7.2
-12162.2    5.6     7.2
-13235.3    6.5     8.2
-15517.2    6.9     8.7
-19565.2    6.9     7.1
-20454.5    6.9     7.2
-21428.6    6.3     7.2
-28125    6.8     8.7
-30000    5.5     8.7
-40909.1    6.8     7.2
-75000    6.7     7.1
-150000    6.8     7.5
450000    6.5     7.3
150000    6.9     7.1
112500    6.9     8
90000    5.2     8.5
75000    6.6     7.1
26470.6    6.8     8.5
25000    6.8     8.6
23684.2    6     8.8
16071.4    6     7.2
13235.3    5.4     8.4
12162.2    6     8.8
11538.5    6.5     7.1
9782.61    6.2     8.7
8035.71    6.9     7.5
7894.74    6.9     7.9
7627.12    6.3     7.6
7500    6.2     8.5
6716.42    6.3     7.1
6428.57    6.8     8.7
6250    6.9     8.2
6081.08    6.7     7.3
6000    6.7     7.5
5555.56    6.9     8
5487.8    5.3     7.7
5172.41    5.1     7.5
5000    6.3     8.8
4639.18    6.5     8.9
4591.84    5.9     7.8
4545.45    5.2     7.8
4285.71    5.8     8.9
3846.15    5.5     7.5
3781.51    6.7     8
3688.52    6.5     8.3
3629.03    5.7     8.7
3358.21    6.9     8.8
3333.33    5.2     8.9
3284.67    6.7     7.5
3260.87    5.5     7.5
3103.45    6.4     7.1
3000    6.4     8.7
2960.53    6.9     8.2
2678.57    6.1     8.4
2284.26    5.9     7.2
1956.52    6     7.8
-2102.8    5.2     8.3
-2173.91    5.3     8.9
-2238.81    6.9     8.5
-2331.61    6.7     8.5
-2343.75    5.1     7.1
-2616.28    6.7     8.7
-2631.58    5.1     7.8
-2812.5    5.2     8.6
-3000    6.1     8
-3169.01    5.4     8.4
-3284.67    6.7     7.1
-3629.03    6.4     8.1
-3750    6.7     8.9
-3781.51    5.6     8
-3813.56    5.4     8.6
-3846.15    5.8     8.3
-3913.04    5.5     8.8
-4054.05    6.8     7.1
-4166.67    6.8     8.2
-4205.61    6.7     8
-4245.28    5.8     8.2
-4455.45    6.5     8.8
-4591.84    6.7     8.7
-4687.5    6.7     7.3
-5172.41    6.7     7.7
-5487.8    6.9     8.7
-5769.23    6.7     7.4
-6081.08    5.5     8.9
-6617.65    6.8     7.3
-6716.42    5.3     7.3
-6923.08    5.1     8.2
-7258.06    6.9     7.9
-7377.05    5.3     7.9
-9574.47    6.9     8.4
-10714.3    6.8     8.7
-10975.6    6.7     8.5
-11538.5    6.7     7.3
-11842.1    5.8     8.2
-12857.1    6     7.8
-14062.5    6.5     8.5
-16666.7    6.6     7.7
-17307.7    5.5     7.8
-19565.2    6.4     7.1
-23684.2    6.9     7.2
-25000    6.9     7.2
-26470.6    6.3     8.8
-30000    6.9     7.7
-32142.9    6.9     8.1
-34615.4    5.1     8.1
-56250    6.5     8
64285.7    6.2     7.6
56250    6.2     8.1
50000    6.8     7.6
22500    6.6     8.9
20454.5    6.9     8.8
16071.4    5.3     8.4
13235.3    6.7     8.2
12500    5.3     8.8
10714.3    6.3     7.4
10000    6.2     8.5
9183.67    5.2     8.5
7142.86    5.6     7.1
6923.08    6.3     8.8
6250    6.1     7.9
5921.05    5.9     7.3
5421.69    6.5     8.9
4687.5    6     8.1
4500    5.4     7.9
4205.61    6.6     7.9
4166.67    5.4     8.6
4054.05    6.8     7.7
4017.86    6.9     7.3
3913.04    6.8     7.3
3719.01    6.9     7.1
3688.52    5.4     8.5
3488.37    6     8
3435.11    6.4     7.9
3358.21    5.8     7.1
3260.87    6.3     8.8
3000    6.1     8.8
2941.18    6.9     8
2866.24    5.1     8.1
2662.72    6.9     8.6
2432.43    6     8.9
2272.73    6     8.8
2205.88    5.8     8.7
1931.33    6.7     8.8
-1939.66    6.9     7.8
-2008.93    5.7     7.2
-2142.86    6.9     7.7
-2173.91    6.3     7.8
-2238.81    6.4     7.5
-2272.73    6     7.2
-2556.82    5.5     8.8
-2616.28    6.1     8.6
-2694.61    6     8.9
-2777.78    6.4     8.8
-2830.19    6.9     8.6
-2922.08    5.4     8.9
-3214.29    6.7     8
-3308.82    6.9     8.6
-3333.33    5.2     8.9
-3719.01    6.9     8.9
-4054.05    6.2     7.2
-4205.61    6.8     7.9
-4591.84    5.6     7.9
-4838.71    5.8     8.9
-5172.41    6.9     7.8
-5232.56    6.5     8.5
-5294.12    5.9     8.5
-5487.8    6.9     8.7
-5555.56    5.5     8.3
-5769.23    6.7     8.3
-5844.16    6.8     8
-5921.05    6.9     7.4
-6000    6.9     7.4
-6081.08    5.4     8.7
-6250    6.6     7.1
-6338.03    6.8     8.2
-6428.57    6.6     7.1
-6521.74    5.4     7.1
-6716.42    6.9     7.8
-6923.08    5.6     8.8
-7142.86    6.9     8.8
-7627.12    6.9     8.9
-8181.82    6.8     8.8
-8333.33    6.8     8.1
-8823.53    5.3     8
-9000    5.1     8.8
-11250    6.9     7.2
-12857.1    6.9     8.8
-14516.1    5.5     8.9
-16071.4    6.7     8
-16666.7    5.2     8
-19565.2    6.8     8.2
-20454.5    5.8     7.8
-28125    6.9     7.3
-30000    5.6     7.3
-34615.4    6.9     7.3
-50000    6.5     8.2
-56250    5.8     8.8
-64285.7    6.2     8.6
-75000    5.2     8.7
-450000    5.7     7.6
150000    5.8     7.8
56250    6.8     8.9
40909.1    6.6     8
22500    6.7     7.1
20454.5    5.9     8.8
16071.4    6.5     7.4
14516.1    5.4     7.4
13636.4    6.8     7.8
13235.3    6.8     7.8
10714.3    5.9     8
10000    6.4     8.7
9782.61    5.2     8.5
9574.47    5.4     8.1
8823.53    6.9     8.4
8653.85    5.9     8.4
8333.33    6.8     8.6
7627.12    5.1     8.2
7377.05    6.5     8.6
6818.18    6.2     8.7
6521.74    6.8     8.7
6250    6.5     8.9
6164.38    6.6     8.8
5921.05    6.8     7.9
5844.16    6.7     7.8
5625    5.1     7.6
5487.8    6.3     8
5357.14    6.9     7.5
5294.12    5.1     8.2
5172.41    6.9     8.5
5113.64    6.3     7.7
4945.05    6.9     8.5
4891.3    5.8     8.5
4787.23    6     8.3
4639.18    6.9     7.5
4017.86    5.7     7.6
3982.3    6.9     8.7
3947.37    6.9     8.5
3813.56    5.7     8.4
3781.51    6.9     8.4
3688.52    6.9     7.2
3658.54    6.8     8.8
3629.03    5.6     7.3
3600    5.2     7.3
3543.31    6     7.3
3383.46    5.9     7.4
3358.21    6.9     8
3214.29    6.7     8.3
3125    5.1     8.9
2922.08    5.5     8.8
2432.43    5.6     8.9
2331.61    6.1     7.1
2132.7    6     8.7
1982.38    5.3     8.1
-2343.75    6.8     8.6
-2380.95    6.5     8.9
-2472.53    5.7     8.7
-2678.57    6.4     8.5
-2777.78    6.8     7.6
-2795.03    5.8     8.9
-2884.62    6.9     8.5
-2903.23    5.4     8.5
-3146.85    5.5     7.7
-3191.49    5.9     7.5
-3333.33    5.1     7.1
-3358.21    6.9     8.1
-3515.63    6.8     8.6
-3543.31    6.7     7.1
-3571.43    6     7.1
-3688.52    6.9     8.9
-3719.01    5.3     8.9
-3813.56    6.4     8.7
-3947.37    6.3     7.9
-4128.44    5.5     8.3
-4245.28    6.7     8.3
-4285.71    5.8     8.3
-4326.92    5.1     7.9
-4455.45    6.9     8.8
-4545.45    6.7     7.5
-4736.84    6.9     7.7
-4787.23    5.8     7.2
-4945.05    5.7     8.9
-5113.64    6.8     8.3
-5172.41    6.1     7.4
-5487.8    6.9     7.2
-5555.56    6.4     7.3
-5625    5.2     7.3
-5844.16    6.9     8
-5921.05    6.9     8.1
-6164.38    5.4     8.3
-6428.57    6.9     8.8
-7031.25    6.9     8.8
-7258.06    5.7     8.5
-7500    6.9     7.2
-7627.12    5.6     7.2
-8181.82    6.9     7.1
-8333.33    6.6     7.1
-8490.57    5.1     7.1
-9183.67    6.9     7.5
-9574.47    6.8     7.3
-9782.61    5.6     8.7
-10227.3    6.7     7.7
-10714.3    6.4     8.9
-10975.6    6.8     8.5
-11250    6     8.5
-12162.2    6.3     8.8
-13636.4    5.5     7.6
-15000    6.3     8.9
-16666.7    6.7     7.1
-18750    6.7     8.4
-26470.6    6.3     8.3
-34615.4    6.8     8.9
-37500    6.5     8.8
-45000    6.7     8.9
-75000    6.7     8.9
-150000    6.6     8.6
-225000    6.9     8.6
-450000    6.9     8.5
inf    6.5     7.1
450000    5.7     7.1
225000    5.3     7.1
90000    6.9     8.3
75000    6.9     8.3
64285.7    6.4     7.6
40909.1    5.2     8.5
34615.4    6.8     8.6
26470.6    6.8     8.6
25000    6.9     8.6
23684.2    6.6     8.3
21428.6    6.9     8.8
19565.2    6.5     8.1
16666.7    6.5     8.6
15000    6.9     8.5
13235.3    6.9     8.6
12162.2    6.7     8.7
10975.6    5.2     8.6
10000    6.4     8.5
9574.47    6.4     7.3
7758.62    6.2     8.6
7627.12    5.3     7.4
7142.86    6.9     8.4
7031.25    6     8.4
6716.42    6.8     8.6
6428.57    6.1     8.7
6338.03    5.3     8.6
5921.05    6.9     8.5
5844.16    5.2     8.6
5696.2    5.1     8.9
5232.56    6.6     8.8
5113.64    6.9     8.4
4945.05    6.9     7.3
4787.23    6.6     7.5
4687.5    6.5     7.5
4639.18    5.3     7.7
4500    6.8     8.9
4368.93    6.6     7.1
4326.92    6.8     8.4
4054.05    5.5     8.8
3719.01    6.9     8.3
3629.03    6.8     8.1
3600    5.8     8.1
3461.54    6.9     8.5
3435.11    5.6     8.2
3260.87    6.7     7.5
3125    6.3     8.5
3020.13    6     7.1
2941.18    6.6     8.5
2848.1    6     8.5
2777.78    5.5     8.7
2727.27    5.6     8.6
2662.72    5.3     8.8
2616.28    6.7     7.7
2571.43    6.6     8.1
2432.43    5.4     8.9
2419.35    5.6     7.6
2368.42    6.5     8
2295.92    6.9     8.7
2284.26    5.6     8.3
2195.12    5.9     8.6
2173.91    6.8     8.2
-2122.64    6     8.9
-2284.26    6.6     7.5
-2368.42    5.1     8.9
-2486.19    5.1     8.4
-2528.09    6.8     7.6
-2922.08    6     8.9
-3284.67    6     7.7
-3383.46    6.9     8.8
-3409.09    6     7.4
-3515.63    6.6     8.7
-3629.03    6.8     7.8
-3750    5.2     8.9
-3846.15    6.7     8.7
-3913.04    6     8.7
-3947.37    6.9     7.7
-4090.91    5.8     8.1
-4205.61    6.7     7.2
-4245.28    6.8     8.2
-4838.71    6.7     7.6
-4891.3    6.7     7.4
-4945.05    6.8     7.4
-5000    6.9     7.7
-5056.18    6.3     7.6
-5769.23    5.3     8.3
-6521.74    6.9     8.5
-6923.08    5.1     7.3
-7500    6.9     8.7
-7894.74    6.5     8.2
-8035.71    6.6     7.1
-8181.82    5.7     8.8
-8653.85    6.9     7.3
-8823.53    6.4     8.6
-9183.67    5.6     8
-10000    6.9     7.1
-10714.3    6.2     8.2
-12162.2    6.7     8.4
-12500    5.1     8.8
-14062.5    6.9     7.7
-14516.1    6.9     8.7
-16666.7    5.3     7.2
-19565.2    5.9     7.2
-25000    6.9     7.7
-32142.9    5.8     7.8
-90000    6.9     7.5
-112500    6.9     8.8
225000    6.9     8.9
90000    6.9     7.5
75000    6     7.3
45000    6.4     7.3
37500    6.8     7.2
32142.9    6     8
25000    6.1     8.2
22500    5.1     7.2
19565.2    6.2     8
16666.7    5.1     8.9
15517.2    6.5     8
13636.4    5.6     8.7
12500    6.9     8.4
12162.2    5.9     7.1
10975.6    6.2     7.8
10465.1    6.8     8.2
10227.3    6.4     8.1
9574.47    6.9     8.7
9375    5.6     8.9
9183.67    6.4     7.8
7894.74    6.8     7.5
7758.62    6.9     8.8
7627.12    5.4     8.8
7500    5.9     8.8
7258.06    6.9     8.9
7142.86    5.5     8.9
6521.74    5.9     7.8
6081.08    6.2     8.7
6000    5.1     8.3
5696.2    5.5     7.6
5421.69    6.2     7.3
5000    5.6     8.7
4787.23    6.9     8.9
4736.84    5.6     7.6
4500    6.6     7.8
4455.45    6.8     7.7
4411.76    5.3     7.7
4090.91    6.9     8.2
4054.05    6.9     8.2
3982.3    6.9     8
3947.37    6.9     7.6
3846.15    6.8     8.3
3813.56    5.2     8.4
3688.52    5.1     8
3571.43    5.4     7.3
3488.37    6.9     8.4
3358.21    6.1     7.4
3146.85    6.2     8.2
3125    5.6     8.2
3103.45    5.5     7.1
3061.22    5.5     8.2
2941.18    6     7.4
2922.08    6.6     7.3
2848.1    6.3     8.1
2812.5    5.7     8
2777.78    6.4     8.4
2694.61    6.4     7.4
2647.06    5.8     7.7
2556.82    6.3     8.9
2486.19    6.2     8.4
2368.42    5.6     8.1
2307.69    6.1     8.6
2227.72    6.2     7.9
2216.75    5.4     7.8
2153.11    6.2     8.8
2045.45    6.2     7.2
-2195.12    5.5     8.1
-2272.73    6.8     7.8
-2459.02    5.5     7.2
-2486.19    5.1     7.2
-2528.09    5.3     7.2
-2616.28    5.3     8.9
-2727.27    5.6     8.6
-2743.9    6.2     7.5
-2866.24    5.3     7.5
-3020.13    6.5     8.8
-3237.41    5.5     8.4
-3333.33    5.3     7.9
-3383.46    6.9     8.7
-3409.09    6.3     8.7
-3515.63    6.8     7.1
-3781.51    6.4     8.4
-3813.56    5.1     8.4
-4054.05    6.7     8.4
-4128.44    6.9     7.7
-4166.67    5.4     7.7
-4245.28    5.8     8.8
-4591.84    6.6     8.9
-4736.84    6.9     8.9
-4787.23    6.9     8.9
-5232.56    6.8     8.2
-5294.12    6.5     8.8
-5769.23    5.6     8
-6000    6.8     8.4
-6164.38    6.7     7.4
-6250    6.5     7.1
-6521.74    6.5     8.8
-6617.65    6.5     7.1
-6716.42    5.1     7.3
-7258.06    6.8     8.4
-7758.62    6.8     8.6
-8181.82    6.8     7.7
-10000    6.8     7.2
-11842.1    6     8.5
-14062.5    6.5     7.9
-22500    5.8     7.1
-26470.6    6.8     7.2
-30000    6.9     8.1
-40909.1    6.9     7.3
-45000    6     7.3
-75000    5.4     7.6
-112500    6.9     8.6
225000    5.5     8.5
112500    6.9     8.9
21428.6    5.7     8.9
12162.2    6.9     8.9
10975.6    6.9     8
9574.47    6.3     8.8
8653.85    5.3     8.3
8490.57    6.5     7.7
8181.82    6.8     7.1
8035.71    5.8     7.1
6818.18    6.6     7.5
6617.65    5.3     8.9
6164.38    5.3     8.9
5921.05    6.9     8.7
5769.23    6.7     8.5
5696.2    6.7     8.4
5625    5.1     8
5421.69    5.8     7.8
5172.41    6.7     8.8
5113.64    5.2     8.9
4639.18    6.8     7.3
4591.84    5.2     8.5
4455.45    6.6     7.5
4411.76    6.6     8.8
4368.93    6.6     8.1
4128.44    6.3     8
4017.86    6.8     7.5
3781.51    5.9     7.2
3658.54    5.6     8.9
3571.43    6.3     8
3515.63    6.9     8.3
3488.37    5.2     8.5
3284.67    6.8     7.3
3260.87    5.3     8.5
3191.49    6.9     8.2
3169.01    5.3     7.9
3082.19    6.4     7.8
3020.13    6.2     8.8
2960.53    5.7     8.9
2941.18    5.6     8.9
2903.23    6.1     8.2
2848.1    6.7     8.7
2830.19    6.5     8.2
2812.5    6.7     7.5
2795.03    6.8     7.6
2710.84    6.2     7.9
2662.72    5.5     8.7
2631.58    6.1     8.8
2184.47    6     8.7
2163.46    6.7     8.5
-2064.22    5.8     8.9
-2380.95    6.6     7.9
-3040.54    5.7     8.7
-3125    6.3     8.1
-3191.49    6.8     7.4
-3488.37    6.5     7.1
-3515.63    6     8.3
-3543.31    5.5     8
-3688.52    5.5     8.1
-3750    6.8     8.6
-3813.56    6.7     7.3
-3913.04    6.9     8.5
-3947.37    6.1     8.5
-4090.91    6.9     7.9
-4245.28    5.3     8.9
-4285.71    6.6     8.7
-4368.93    6     8.5
-4591.84    6.8     8.6
-4639.18    6.9     8.5
-4687.5    5.8     8.5
-5113.64    6.5     7.8
-5421.69    6.8     8.2
-5844.16    6.9     7.4
-5921.05    6.9     7.5
-6716.42    6.9     8.4
-7142.86    5.4     7.2
-7500    5.6     8.6
-7627.12    6.9     7.3
-7758.62    5.8     7.5
-8181.82    5.9     7.6
-8653.85    6.8     8.7
-8823.53    6.8     8.1
-9183.67    6.8     8.6
-9375    6.8     8.1
-9574.47    6.9     7.3
-10227.3    6.9     7.1
-12162.2    6.8     8.8
-12500    5.5     8.8
-13235.3    6.7     8.8
-14062.5    5.4     8.7
-16071.4    6.4     8.6
-18000    6.7     7.1
-22500    6.9     7.2
-23684.2    6.7     8.3
-25000    5.2     8.2
-40909.1    6.7     7.6
-75000    5.7     7.7
-225000    6.8     7.1
-450000    5.9     8
150000    6.3     7.6
40909.1    6.9     8.3
37500    6.4     8.3
34615.4    5.3     7.2
30000    6.9     8.9
28125    6.7     8
26470.6    6.5     8
19565.2    6.9     8.8
18750    6.7     8.6
18000    5.4     8.6
13235.3    6.8     8.8
12857.1    6.3     7.2
10975.6    5.7     7.2
10465.1    5.6     8.7
10000    6.1     8.6
9375    5.5     7.4
9000    6.9     7.6
8823.53    5.4     8.8
7500    6.3     7.7
7377.05    6.2     7.9
7258.06    5.4     7.9
6923.08    6.9     7.7
6818.18    6.9     7.6
6716.42    5.5     8
6338.03    6.3     7.7
5625    6.6     8.5
5555.56    5.3     8.4
5421.69    6.4     7.4
5232.56    6.6     7.2
5172.41    6.1     8.1
4945.05    6.9     8.8
4687.5    6.8     7.5
4639.18    6.8     8.5
4500    5.7     8.9
4285.71    6.7     8.5
4245.28    5.7     8.5
4128.44    5.3     8.9
3982.3    6.8     8
3913.04    6.8     7.5
3879.31    6.8     7.6
3571.43    5.9     8.1
3515.63    6.9     7.2
3488.37    6.4     8.7
3358.21    5.2     8.7
3237.41    6.8     7.2
2960.53    6.3     8.9
2830.19    6.8     8.9
2760.74    5.7     8.7
2631.58    5.8     8.3
2513.97    6.6     7.7
2406.42    6.3     7.3
2393.62    5.1     8.2
2163.46    6.5     8.4
2153.11    6.1     8.2
2142.86    5.8     8.2
-2227.72    6.8     8.8
-2331.61    6.2     8.6
-2647.06    5.8     8.9
-2941.18    6.9     8.3
-2960.53    5.3     7.3
-2980.13    6.3     8.9
-3125    6     8
-3191.49    6.2     8.1
-3333.33    6.1     8.3
-3409.09    6.5     8.8
-3435.11    6.9     8.5
-3571.43    6.9     8.3
-3629.03    6.8     8.8
-3658.54    5.6     8.9
-3813.56    6.9     8.4
-3913.04    6.9     7.7
-3947.37    5.2     7.5
-4017.86    6.9     8.3
-4054.05    6.2     8.3
-4090.91    5.6     8.4
-4128.44    6.9     8
-4166.67    5.3     8.4
-4285.71    6.9     7.5
-4326.92    6.7     7.5
-4368.93    5.9     7.4
-4455.45    6.9     8.5
-4500    6     8.6
-4838.71    5.5     8.3
-4945.05    6.9     8.9
-5056.18    6.9     7.6
-5113.64    5.7     7.7
-5294.12    6.6     7.3
-5357.14    5.6     7.1
-5421.69    6.9     7.1
-5487.8    6.4     8.1
-6081.08    6.9     7.3
-6164.38    6.9     7.1
-6521.74    6.2     7.2
-6818.18    6.8     7.3
-7031.25    6.9     7.1
-7142.86    6.1     7.1
-7500    6.9     8.9
-7627.12    6.9     8.9
-7758.62    5.3     8.8
-8035.71    6.5     7.1
-8181.82    5.3     7.1
-9782.61    6.9     7.2
-11842.1    6.4     8.4
-12162.2    6.6     8.8
-13235.3    6.7     8.9
-13636.4    5.3     8.9
-20454.5    5.5     8.9
-23684.2    6.9     8
-25000    6.8     7.3
-26470.6    6     7.1
-28125    5.3     7.1
-32142.9    6.8     8.7
-34615.4    6.8     7.5
-56250    6.8     7.6
-64285.7    5.1     7.6
-75000    6.7     8.9
-150000    6.7     8.5
-225000    6.4     7.6
-450000    6.5     8.8
90000    6.7     7.1
45000    6.2     8.6
40909.1    6.9     8.3
37500    6.9     8
21428.6    6.9     7.4
19565.2    6.8     7.2
17307.7    6.9     8.5
16666.7    6.4     8.3
16071.4    5.7     8.3
15517.2    5.6     7.2
13235.3    6.6     7.4
11250    6.8     8.7
10714.3    6.4     7.7
8823.53    6.4     7.8
8653.85    6.4     7.9
8490.57    5.3     7.9
6923.08    6     7.8
6617.65    6.1     8.5
6081.08    5.4     8.9
5625    6.9     7.1
5172.41    6.9     7.1
5113.64    6.9     7.5
5000    5.8     8.9
4591.84    6.9     7.1
4545.45    5.5     8.1
4245.28    5.4     8.3
4205.61    5.1     8.3
3813.56    6.4     8.6
3781.51    6.2     8.6
3750    5.8     8
3629.03    6.8     7.5
3515.63    6.8     7.8
3333.33    6.1     8.9
3260.87    6.4     7.2
3237.41    6.3     7.2
3125    5.2     7.9
2960.53    6.8     8.8
2941.18    6.3     8.9
2848.1    6.6     8.3
2830.19    5.5     8.5
2631.58    6.2     7.2
2586.21    6.5     8.7
2571.43    5.7     8.4
2486.19    6.3     8.8
2445.65    6.3     8.5
2419.35    6.9     8.9
2356.02    6.8     8.8
2343.75    6.8     8.4
2331.61    6.4     8.4
2295.92    5.7     7.8
2216.75    6.3     7.7
-1923.08    6.3     8
-2319.59    6.3     8.3
-2419.35    5.8     7.3
-2500    6.3     8.5
-2678.57    5.1     8.8
-3040.54    5.7     8.8
-3125    6.8     8.9
-3146.85    5.5     8.9
-3214.29    6.3     8.8
-3260.87    5.4     8.9
-3308.82    5.7     8.6
-3435.11    5.3     8
-3515.63    6.9     7.5
-3543.31    6.9     8.7
-3600    6.9     8.4
-3629.03    5.5     8.6
-3750    5.8     8.6
-3781.51    6.9     8.3
-3813.56    6.9     8.7
-3846.15    5.9     8.6
-3879.31    5.6     8.5
-4090.91    6     8.2
-4128.44    6.8     8.2
-4166.67    5.6     8.9
-4326.92    5.2     8.5
-4500    6     8.5
-4545.45    5.6     8.6
-4687.5    6.5     8.6
-4838.71    6.8     7.9
-5113.64    6.9     7.6
-5769.23    6.6     8
-5844.16    5.4     7.7
-6000    6.7     7.7
-6081.08    6.7     8.7
-6164.38    5.8     8.7
-6428.57    5.8     7.3
-6521.74    6.6     7.8
-6716.42    6.6     7.3
-7377.05    6.5     8.9
-7500    5.1     8.4
-7758.62    6.7     8.4
-9183.67    5.5     7.8
-9782.61    6.7     7.6
-10000    5.7     7.6
-10714.3    6.6     7.4
-11538.5    6.7     7.2
-16666.7    6.7     8.9
-30000    6.8     7.1
-32142.9    6.8     7.4
-34615.4    6.5     7.3
-37500    6.5     8.8
-40909.1    5.6     8
-45000    5.2     7.2
-90000    6.3     8.9
-450000    6.6     8.2
225000    5.3     8.3
90000    5.6     7.9
56250    5.7     8.8
40909.1    6.8     8.8
34615.4    6.3     8.9
23684.2    5.3     7.3
19565.2    6.8     8.8
16666.7    6.9     7.7
16071.4    6.8     7.2
14062.5    5.4     7.9
13636.4    6.7     7.8
11842.1    6.9     8
10975.6    5.2     7.8
9375    6.8     7.3
9183.67    6.8     7.3
8823.53    6.8     8.3
8653.85    6.3     8.3
8490.57    5.7     8.2
7142.86    5.5     8.1
7031.25    6.8     7.3
6716.42    6.9     7.1
6617.65    6.9     8.7
6338.03    6.4     8.3
5769.23    5.6     8.7
5625    6.4     7.1
5000    5.3     8.5
4500    6.7     8
4368.93    6.9     8.8
4326.92    5.7     8.8
4205.61    6.8     7.4
4090.91    6.6     7.4
4054.05    5.7     7.8
3982.3    6.9     7.4
3781.51    6.9     8.8
3719.01    6.9     8.6
3688.52    6.5     8.6
3658.54    6     8
3629.03    5.4     8.2
3409.09    5.4     8.8
3333.33    6     8.9
3308.82    6.3     8.9
3284.67    5.9     7.1
3260.87    5.3     7.1
2980.13    5.6     8.7
2960.53    5.1     8.7
2727.27    6.7     8.7
2710.84    5.6     8.7
2556.82    6.5     8.4
2542.37    5.4     8.4
2153.11    6.7     8.8
2132.7    6.7     8.8
2122.64    6.7     7.9
2112.68    6.4     7.7
2102.8    6     8.9
2054.79    6.8     7.2
1991.15    6     7.3
-2153.11    5.6     8.9
-2184.47    6.5     7.6
-2227.72    5.5     7.1
-2319.59    6.9     8.7
-2356.02    5.6     8.8
-2472.53    5.7     8.8
-2601.16    6.8     8.5
-2903.23    6.9     7.6
-3040.54    6     8.5
-3061.22    6.6     8.7
-3146.85    6.5     8.4
-3169.01    5.5     8
-3260.87    6.9     7.1
-3308.82    5.4     8.6
-3488.37    6.3     8.9
-3543.31    6.9     8.9
-3629.03    6.3     8.6
-3688.52    6.8     8.9
-3846.15    5.9     8.3
-4017.86    6.9     8.3
-4054.05    5.6     8.3
-4128.44    6.9     7.9
-4245.28    5.5     8.9
-4285.71    6.9     7.7
-4326.92    5.3     7.7
-4411.76    6.7     8.7
-4455.45    6.7     8.7
-4639.18    6.8     7.7
-4687.5    6.3     7.7
-4736.84    5.2     7.7
-4787.23    5.9     7.6
-4945.05    6.9     7.9
-5000    6.6     8.3
-5172.41    5.8     7.2
-5357.14    6.7     7.2
-5421.69    5.5     7.9
-5844.16    6.9     8
-6164.38    6.8     8.7
-6250    6.4     7.4
-6338.03    5.4     7.4
-6617.65    6.9     8
-6716.42    5.1     8.2
-7031.25    6.9     7.4
-7142.86    6.4     8.9
-7258.06    5.7     8.9
-7627.12    5.3     7.3
-7758.62    6.9     8.8
-7894.74    6.7     8.8
-8333.33    6.9     8.7
-9375    6.7     7.7
-9782.61    5.1     8.9
-10465.1    5.1     8.8
-11538.5    6     7.1
-11842.1    6.7     7.1
-12162.2    6.7     8.2
-14062.5    6.9     8.9
-17307.7    6.8     7.9
-18000    6.8     7.3
-18750    6.4     8.6
-20454.5    5.1     7.5
-23684.2    6.7     7.3
-26470.6    6.6     8.9
-45000    6.9     8.6
-50000    6.9     8.6
-75000    6.7     7.1
-150000    6.9     8.8
75000    5.5     8.9
40909.1    6.9     7.2
30000    6.4     7.3
26470.6    5.2     7.7
22500    6.6     7.1
21428.6    6.5     7.1
19565.2    6.9     8.7
18750    6.9     8.7
18000    6.6     8.4
13235.3    6.6     7.3
12857.1    6     8.8
11842.1    6.8     7.4
11250    6.9     8.4
9375    6.4     7.5
9183.67    6.7     7.2
9000    5.2     8.6
8653.85    6.9     7.3
8035.71    6.9     7.8
7894.74    6.7     8.6
7627.12    6.9     8.6
7142.86    6.1     7.5
7031.25    5.1     7.5
6818.18    6.9     7.1
6521.74    6.8     7.6
6428.57    6.8     7.5
6338.03    6.5     8.7
6250    5.6     8.7
6081.08    6.7     7.8
6000    5.4     7.9
5844.16    6.6     8.4
5769.23    5.7     8.4
5487.8    5.8     8.7
5357.14    6.9     7.1
5294.12    5.3     7.5
5232.56    6.9     8.9
5172.41    6     8.9
5113.64    6.6     8
5056.18    6     8
5000    5.2     8
4736.84    6.3     8.4
4591.84    6.9     8.9
4205.61    5.7     8
4054.05    6.8     8.4
3846.15    5.9     8
3750    5.2     7.9
3543.31    5.7     7.9
3308.82    5.5     8.6
2922.08    5.7     8.7
2903.23    6.9     8.7
2884.62    5.3     8.7
2812.5    5.4     7.3
2760.74    6     8.1
2678.57    5.3     8.9
2513.97    5.8     8.3
2406.42    6.9     8.6
2380.95    6.8     8.9
2261.31    5.2     7.8
2132.7    5.5     8.9
